Day Cases
140 761
141 761
142 762
143 762
144 763
145 764
146 765
147 766
148 767
149 769
150 770
151 771
152 773
153 774
154 776
155 777
156 779
157 780
158 781
159 783
160 784
161 785
162 787
163 788
164 789
165 790
166 791
167 792
168 793
169 794
170 795
171 796
172 797
173 797
174 798
175 799
176 799
177 800
178 800
179 801
180 801
181 802
182 802
183 802
184 803
185 803
186 803
187 803
188 804
189 804
190 804
191 804
192 804
193 804
194 804
195 804
196 804
197 804
198 804
199 804
200 804
201 804
202 804
203 804
204 804
205 803
206 803
207 803
208 803
209 803
210 802
211 802
212 802
213 801
214 801
215 801
