Day Cases
118 1802
119 1802
120 1802
121 1802
122 1802
123 1802
124 1802
125 1802
126 1802
127 1802
128 1802
129 1802
130 1802
131 1802
132 1802
133 1802
134 1802
135 1802
136 1801
137 1801
138 1801
139 1801
140 1801
141 1801
142 1801
143 1801
144 1801
145 1801
146 1801
147 1801
148 1801
149 1801
150 1801
151 1801
152 1801
153 1801
154 1801
155 1801
156 1801
157 1801
158 1801
159 1801
160 1801
161 1801
162 1801
163 1801
164 1801
165 1801
166 1801
167 1801
168 1801
169 1801
170 1801
171 1801
172 1801
173 1801
174 1801
175 1801
176 1801
177 1801
178 1801
179 1801
180 1801
181 1801
182 1801
183 1801
184 1801
185 1801
186 1801
187 1801
188 1801
189 1801
190 1801
191 1801
192 1801
193 1801
