Day Cases
140 1802
141 1802
142 1802
143 1802
144 1802
145 1802
146 1802
147 1802
148 1802
149 1802
150 1802
151 1802
152 1802
153 1802
154 1802
155 1802
156 1802
157 1802
158 1802
159 1802
160 1802
161 1802
162 1802
163 1802
164 1802
165 1802
166 1802
167 1802
168 1802
169 1802
170 1802
171 1802
172 1802
173 1802
174 1802
175 1802
176 1802
177 1802
178 1802
179 1802
180 1802
181 1802
182 1802
183 1802
184 1802
185 1802
186 1802
187 1802
188 1802
189 1802
190 1802
191 1802
192 1802
193 1802
194 1802
195 1802
196 1802
197 1802
198 1802
199 1802
200 1802
201 1802
202 1802
203 1802
204 1802
205 1802
206 1802
207 1802
208 1802
209 1802
210 1802
211 1802
212 1802
213 1802
214 1802
215 1802
