Day Cases
140 24197
141 24253
142 24296
143 24332
144 24365
145 24397
146 24429
147 24462
148 24498
149 24538
150 24581
151 24628
152 24680
153 24736
154 24798
155 24864
156 24936
157 25012
158 25094
159 25180
160 25271
161 25366
162 25466
163 25570
164 25678
165 25790
166 25905
167 26024
168 26146
169 26271
170 26398
171 26529
172 26661
173 26797
174 26934
175 27073
176 27214
177 27357
178 27501
179 27647
180 27794
181 27942
182 28091
183 28242
184 28393
185 28545
186 28697
187 28850
188 29004
189 29158
190 29313
191 29468
192 29623
193 29778
194 29933
195 30089
196 30245
197 30400
198 30556
199 30711
200 30867
201 31022
202 31177
203 31332
204 31487
205 31641
206 31795
207 31949
208 32103
209 32256
210 32409
211 32561
212 32713
213 32865
214 33016
215 33167
