Day Cases
118 520
119 520
120 520
121 520
122 520
123 521
124 521
125 521
126 522
127 522
128 522
129 523
130 523
131 523
132 523
133 523
134 524
135 524
136 524
137 524
138 524
139 524
140 524
141 524
142 524
143 525
144 525
145 525
146 525
147 525
148 525
149 525
150 525
151 525
152 525
153 525
154 525
155 525
156 525
157 525
158 525
159 525
160 525
161 525
162 525
163 525
164 525
165 525
166 525
167 525
168 525
169 525
170 525
171 525
172 525
173 525
174 525
175 525
176 525
177 525
178 525
179 525
180 525
181 525
182 525
183 525
184 525
185 525
186 525
187 525
188 525
189 525
190 525
191 525
192 525
193 525
