Day Cases
118 955
119 958
120 960
121 963
122 965
123 968
124 970
125 972
126 974
127 976
128 978
129 979
130 981
131 983
132 984
133 985
134 987
135 988
136 989
137 990
138 991
139 992
140 993
141 994
142 995
143 996
144 997
145 998
146 998
147 999
148 1000
149 1000
150 1001
151 1001
152 1002
153 1002
154 1003
155 1003
156 1004
157 1004
158 1005
159 1005
160 1005
161 1006
162 1006
163 1006
164 1006
165 1007
166 1007
167 1007
168 1007
169 1008
170 1008
171 1008
172 1008
173 1008
174 1009
175 1009
176 1009
177 1009
178 1009
179 1009
180 1009
181 1010
182 1010
183 1010
184 1010
185 1010
186 1010
187 1010
188 1010
189 1010
190 1010
191 1010
192 1010
193 1011
