Day Cases
118 229
119 232
120 236
121 241
122 246
123 252
124 258
125 265
126 271
127 277
128 283
129 289
130 295
131 300
132 305
133 310
134 314
135 319
136 323
137 327
138 330
139 333
140 337
141 340
142 342
143 345
144 347
145 350
146 352
147 354
148 356
149 357
150 359
151 360
152 362
153 363
154 364
155 365
156 366
157 367
158 368
159 369
160 370
161 370
162 371
163 372
164 372
165 373
166 373
167 374
168 374
169 374
170 375
171 375
172 375
173 376
174 376
175 376
176 376
177 377
178 377
179 377
180 377
181 377
182 377
183 378
184 378
185 378
186 378
187 378
188 378
189 378
190 378
191 378
192 378
193 378
