Day Cases
118 25
119 25
120 25
121 25
122 25
123 25
124 25
125 25
126 25
127 25
128 25
129 25
130 25
131 25
132 25
133 25
134 25
135 25
136 25
137 25
138 25
139 25
140 25
141 25
142 25
143 26
144 26
145 26
146 26
147 26
148 26
149 26
150 26
151 26
152 26
153 26
154 26
155 26
156 26
157 26
158 26
159 26
160 26
161 26
162 26
163 26
164 26
165 26
166 26
167 26
168 26
169 26
170 26
171 26
172 26
173 26
174 26
175 26
176 26
177 26
178 26
179 26
180 27
181 27
182 27
183 27
184 27
185 27
186 27
187 27
188 27
189 27
190 27
191 27
192 27
193 27
