Day Cases
118 17
119 17
120 17
121 17
122 17
123 17
124 17
125 17
126 17
127 17
128 17
129 17
130 17
131 17
132 17
133 17
134 17
135 17
136 17
137 17
138 17
139 17
140 17
141 17
142 17
143 17
144 17
145 17
146 17
147 17
148 17
149 17
150 17
151 17
152 17
153 17
154 17
155 17
156 17
157 17
158 17
159 17
160 17
161 17
162 17
163 17
164 17
165 17
166 17
167 17
168 17
169 17
170 17
171 17
172 17
173 17
174 17
175 17
176 17
177 17
178 17
179 17
180 17
181 17
182 17
183 17
184 17
185 17
186 17
187 17
188 17
189 17
190 17
191 17
192 17
193 17
